0	0	
1	0	
2	0	
3	0	
4	0	
5	0	
6	0	
7	0	
8	1	9.61623	1.54758	
9	1	8.24286	0.21676	
10	0	
11	0	
12	0	
13	0	
14	0	
15	0	
16	0	
17	1	5.19731	5.39808	
18	0	
19	1	3.71698	-0.0684875	
20	1	4.73739	1.90119	
21	0	
22	0	
23	0	
24	0	
25	1	12.3932	-0.517124	
26	0	
27	0	
28	4	12.9839	4.76737	1.77914	7.26363	2.17015	-1.53613	10.8938	8.09917	
29	2	6.47479	8.86773	0.986705	2.04659	
30	1	-3.21205	3.24291	
31	0	
32	2	-1.32995	0.945439	0.433029	6.84074	
33	2	0.207387	1.24581	11.3652	4.53363	
34	1	8.8797	10.6136	
35	0	
36	2	14.2666	-0.594833	7.25573	5.97436	
37	3	4.29662	-7.34949	9.07539	-7.38965	9.36271	6.55762	
38	1	9.38474	-0.225033	
39	5	1.89169	4.82266	1.86278	7.89119	8.42655	6.70252	9.98592	11.4235	12.8298	3.17023	
40	0	
41	2	0.992318	8.91384	9.8169	-1.67508	
42	3	5.4251	-1.45428	8.96098	0.183434	16.7616	9.68434	
43	3	-7.42856	-0.481958	1.7928	-4.07343	-4.1521	10.8126	
44	6	4.96945	-0.610434	12.8459	6.13391	0.0206883	-6.75381	4.06431	1.49078	8.01718	-9.04778	15.8403	10.4131	
45	1	11.4967	-6.09046	
46	3	15.5787	-3.97904	9.61141	-2.35415	-1.27544	3.79715	
47	4	8.67044	13.4721	1.48009	0.412384	8.57162	15.1987	11.1233	-9.14733	
48	2	6.21081	-4.79106	-3.16131	13.2773	
49	3	8.61287	4.23689	4.3508	3.5012	10.974	-4.05615	
50	3	21.2574	-0.774118	-9.98831	10.322	12.2746	-1.87967	
